5	3	1	1	0.001	5	2	100	0.001	1	3.64208	0.907875	-0.642583	1.11227	-0.768541	3.21291	3.30355	
5	3	1	1	0.001	5	2	100	0.0012	1	3.6466	0.872273	-0.615682	1.06767	-0.801814	3.07841	3.18112	
5	3	1	1	0.001	5	2	100	0.0014	1	3.65101	0.839093	-0.590672	1.02614	-0.832039	2.95336	3.06832	
5	3	1	1	0.001	5	2	100	0.0016	1	3.65534	0.8073	-0.566796	0.986403	-0.858427	2.83398	2.96114	
5	3	1	1	0.001	5	2	100	0.0018	1	3.65957	0.7754	-0.542991	0.946618	-0.879505	2.71496	2.85386	
5	3	1	1	0.001	5	2	100	0.002	1	3.66371	0.746134	-0.521179	0.910133	-0.898993	2.60589	2.7566	
5	3	1	1	0.001	5	2	100	0.0022	1	3.66777	0.716471	-0.499217	0.873241	-0.913241	2.49609	2.6579	
5	3	1	1	0.001	5	2	100	0.0024	1	3.67173	0.689553	-0.479299	0.839769	-0.926867	2.39649	2.56949	
5	3	1	1	0.001	5	2	100	0.0026	1	3.67562	0.66377	-0.460283	0.807744	-0.937962	2.30141	2.48521	
5	3	1	1	0.001	5	2	100	0.0028	1	3.67943	0.637256	-0.440867	0.774893	-0.943952	2.20434	2.39795	
5	3	1	1	0.001	5	2	100	0.003	1	3.68316	0.613563	-0.423509	0.745533	-0.950502	2.11755	2.32109	
5	3	1	1	0.001	5	2	100	0.0032	1	3.68681	0.588954	-0.405613	0.715115	-0.951923	2.02807	2.24036	
5	3	1	1	0.001	5	2	100	0.0034	1	3.6904	0.567199	-0.389776	0.688215	-0.954671	1.94888	2.17014	
5	3	1	1	0.001	5	2	100	0.0036	1	3.6939	0.544375	-0.373287	0.660066	-0.95225	1.86644	2.09532	
5	3	1	1	0.001	5	2	100	0.0038	1	3.69734	0.524412	-0.358842	0.635433	-0.951841	1.79421	2.03106	
5	3	1	1	0.001	5	2	100	0.004	1	3.70071	0.503258	-0.343656	0.6094	-0.946221	1.71828	1.96158	
5	3	1	1	0.001	5	2	100	0.0042	1	3.70402	0.482883	-0.329074	0.584351	-0.9391	1.64537	1.89451	
5	3	1	1	0.001	5	2	100	0.0044	1	3.70726	0.465359	-0.316503	0.56279	-0.93496	1.58251	1.83807	
5	3	1	1	0.001	5	2	100	0.0046	1	3.71043	0.446498	-0.303083	0.539648	-0.925469	1.51541	1.77566	
5	3	1	1	0.001	5	2	100	0.0048	1	3.71356	0.428349	-0.290207	0.5174	-0.914877	1.45103	1.71537	
5	3	1	1	0.001	5	2	100	0.005	1	3.71661	0.412996	-0.279282	0.498562	-0.908044	1.39641	1.66568	
5	3	1	1	0.001	5	2	100	0.0052	1	3.71961	0.396214	-0.267439	0.478026	-0.895762	1.3372	1.6095	
5	3	1	1	0.001	5	2	100	0.0054	1	3.72255	0.380079	-0.256085	0.4583	-0.882704	1.28042	1.5552	
5	3	1	1	0.001	5	2	100	0.0056	1	3.72544	0.364572	-0.245201	0.439359	-0.868971	1.226	1.50273	
5	3	1	1	0.001	5	2	100	0.0058	1	3.72827	0.35175	-0.236166	0.423678	-0.859816	1.18083	1.4607	
5	3	1	1	0.001	5	2	100	0.006	1	3.73105	0.337433	-0.226166	0.406216	-0.845109	1.13083	1.41173	
5	3	1	1	0.001	5	2	100	0.0062	1	3.73379	0.323684	-0.216586	0.389462	-0.829974	1.08293	1.3644	
5	3	1	1	0.001	5	2	100	0.0064	1	3.73647	0.310486	-0.207412	0.373391	-0.814488	1.03706	1.31867	
5	3	1	1	0.001	5	2	100	0.0066	1	3.7391	0.297821	-0.198629	0.357981	-0.798718	0.993143	1.27447	
5	3	1	1	0.001	5	2	100	0.0068	1	3.74168	0.285672	-0.190223	0.34321	-0.782732	0.951113	1.23178	
5	3	1	1	0.001	5	2	100	0.007	1	3.74423	0.274022	-0.182179	0.329055	-0.766587	0.910896	1.19054	
5	3	1	1	0.001	5	2	100	0.0072	1	3.74672	0.262854	-0.174485	0.315495	-0.75034	0.872426	1.15071	
5	3	1	1	0.001	5	2	100	0.0074	1	3.74917	0.252151	-0.167127	0.302509	-0.73404	0.835636	1.11225	
5	3	1	1	0.001	5	2	100	0.0076	1	3.75158	0.241897	-0.160092	0.290075	-0.717734	0.800461	1.07512	
5	3	1	1	0.001	5	2	100	0.0078	1	3.75395	0.232076	-0.153368	0.278174	-0.701464	0.76684	1.03928	
5	3	1	1	0.001	5	2	100	0.008	1	3.75627	0.222673	-0.146942	0.266787	-0.685268	0.734711	1.00469	
5	3	1	1	0.001	5	2	100	0.0082	1	3.75856	0.213672	-0.140803	0.255893	-0.669181	0.704016	0.971309	
5	3	1	1	0.001	5	2	100	0.0084	1	3.7608	0.203321	-0.133795	0.243394	-0.647667	0.668975	0.931129	
5	3	1	1	0.001	5	2	100	0.0086	1	3.76301	0.195117	-0.128221	0.233477	-0.631923	0.641104	0.900189	
5	3	1	1	0.001	5	2	100	0.0088	1	3.76518	0.187273	-0.1229	0.223999	-0.61638	0.6145	0.870364	
5	3	1	1	0.001	5	2	100	0.009	1	3.76732	0.178143	-0.116753	0.212993	-0.595579	0.583764	0.833963	
5	3	1	1	0.001	5	2	100	0.0092	1	3.76942	0.171015	-0.111935	0.20439	-0.580555	0.559673	0.806398	
5	3	1	1	0.001	5	2	100	0.0094	1	3.77149	0.162648	-0.106321	0.194316	-0.560404	0.531605	0.772436	
5	3	1	1	0.001	5	2	100	0.0096	1	3.77352	0.156184	-0.101966	0.186522	-0.54599	0.509831	0.747016	
5	3	1	1	0.001	5	2	100	0.0098	1	3.77552	0.148533	-0.0968496	0.177318	-0.5266	0.484248	0.715404	
5	3	1	1	0.001	5	2	100	0.01	1	3.77748	0.142683	-0.0929209	0.170273	-0.512861	0.464605	0.692014	
5	3	1	1	0.001	5	2	100	0.0102	1	3.77942	0.135699	-0.0882654	0.16188	-0.494313	0.441327	0.662657	
5	3	1	1	0.001	5	2	100	0.0104	1	3.78133	0.129051	-0.0838407	0.153894	-0.476246	0.419204	0.634462	
5	3	1	1	0.001	5	2	100	0.0106	1	3.7832	0.122727	-0.0796384	0.146302	-0.458679	0.398192	0.607407	
5	3	1	1	0.001	5	2	100	0.0108	1	3.78505	0.116717	-0.07565	0.139089	-0.441626	0.37825	0.581469	
5	3	1	1	0.001	5	2	100	0.011	1	3.78686	0.111008	-0.0718673	0.132241	-0.425097	0.359337	0.556624	
5	3	1	1	0.001	5	2	100	0.0112	1	3.78865	0.105589	-0.0682821	0.125744	-0.409102	0.341411	0.532847	
5	3	1	1	0.001	5	2	100	0.0114	1	3.79041	0.10045	-0.0648863	0.119584	-0.393644	0.324431	0.510109	
5	3	1	1	0.001	5	2	100	0.0116	1	3.79214	0.0955787	-0.0616718	0.113748	-0.378726	0.308359	0.488383	
5	3	1	1	0.001	5	2	100	0.0118	1	3.79385	0.0909645	-0.0586308	0.108223	-0.364347	0.293154	0.467641	
5	3	1	1	0.001	5	2	100	0.012	1	3.79553	0.0865966	-0.0557557	0.102994	-0.350506	0.278779	0.447853	
5	3	1	1	0.001	5	2	100	0.0122	1	3.79719	0.0814532	-0.0523886	0.0968462	-0.333059	0.261943	0.423725	
5	3	1	1	0.001	5	2	100	0.0124	1	3.79882	0.0775829	-0.0498473	0.0922163	-0.320393	0.249236	0.405919	
5	3	1	1	0.001	5	2	100	0.0126	1	3.80043	0.0729921	-0.0468493	0.0867336	-0.304346	0.234247	0.384055	
5	3	1	1	0.001	5	2	100	0.0128	1	3.80202	0.06868	-0.0440367	0.0815854	-0.289053	0.220184	0.363363	
5	3	1	1	0.001	5	2	100	0.013	1	3.80358	0.0646342	-0.041401	0.0767569	-0.274503	0.207005	0.343807	
5	3	1	1	0.001	5	2	100	0.0132	1	3.80512	0.0608428	-0.0389336	0.0722335	-0.260685	0.194668	0.32535	
5	3	1	1	0.001	5	2	100	0.0134	1	3.80663	0.0572935	-0.0366265	0.0680003	-0.247584	0.183132	0.307953	
5	3	1	1	0.001	5	2	100	0.0136	1	3.80813	0.0539745	-0.0344712	0.0640431	-0.23518	0.172356	0.291576	
5	3	1	1	0.001	5	2	100	0.0138	1	3.8096	0.050874	-0.0324599	0.0603474	-0.223456	0.162299	0.276177	
5	3	1	1	0.001	5	2	100	0.014	1	3.81105	0.0473051	-0.0301541	0.0560985	-0.209397	0.150771	0.258029	
5	3	1	1	0.001	5	2	100	0.0142	1	3.81248	0.0440006	-0.0280214	0.0521656	-0.196235	0.140107	0.241119	
5	3	1	1	0.001	5	2	100	0.0144	1	3.81389	0.0415496	-0.0264359	0.0492466	-0.186655	0.13218	0.228717	
5	3	1	1	0.001	5	2	100	0.0146	1	3.81528	0.0386961	-0.0245978	0.0458524	-0.175058	0.122989	0.213943	
5	3	1	1	0.001	5	2	100	0.0148	1	3.81666	0.0355272	-0.0225629	0.0420864	-0.161809	0.112814	0.197255	
5	3	1	1	0.001	5	2	100	0.015	1	3.81801	0.0331354	-0.0210249	0.0392429	-0.151902	0.105125	0.18473	
5	3	1	1	0.001	5	2	100	0.0152	1	3.81935	0.0304634	-0.0193123	0.0360692	-0.140529	0.0965615	0.170507	
5	3	1	1	0.001	5	2	100	0.0154	1	3.82066	0.0284734	-0.0180348	0.0337045	-0.132143	0.0901742	0.159978	
5	3	1	1	0.001	5	2	100	0.0156	1	3.82196	0.0258218	-0.016341	0.0305581	-0.120529	0.0817052	0.145613	
5	3	1	1	0.001	5	2	100	0.0158	1	3.82324	0.0238183	-0.0150601	0.0281801	-0.111794	0.0753004	0.134789	
5	3	1	1	0.001	5	2	100	0.016	1	3.82451	0.02165	-0.0136774	0.0256085	-0.102156	0.068387	0.122933	
5	3	1	1	0.001	5	2	100	0.0162	1	3.82576	0.0197088	-0.0124404	0.0233067	-0.0934664	0.0622022	0.112272	
5	3	1	1	0.001	5	2	100	0.0164	1	3.82699	0.0179746	-0.0113363	0.0212509	-0.0856534	0.0566814	0.10271	
5	3	1	1	0.001	5	2	100	0.0166	1	3.8282	0.0161543	-0.0101797	0.0190942	-0.0773311	0.0508986	0.0925785	
5	3	1	1	0.001	5	2	100	0.0168	1	3.8294	0.014551	-0.0091618	0.0171951	-0.0699581	0.045809	0.0836218	
5	3	1	1	0.001	5	2	100	0.017	1	3.83059	0.0131425	-0.00826815	0.015527	-0.0634451	0.0413408	0.0757254	
5	3	1	1	0.001	5	2	100	0.0172	1	3.83175	0.011703	-0.00735658	0.0138232	-0.056714	0.0367829	0.0675978	
5	3	1	1	0.001	5	2	100	0.0174	1	3.83291	0.0102749	-0.00645366	0.0121336	-0.0499733	0.0322683	0.0594859	
5	3	1	1	0.001	5	2	100	0.0176	1	3.83405	0.00905583	-0.00568339	0.0106915	-0.0441929	0.0284169	0.0525408	
5	3	1	1	0.001	5	2	100	0.0178	1	3.83517	0.00787556	-0.00493872	0.00929599	-0.0385538	0.0246936	0.0457839	
5	3	1	1	0.001	5	2	100	0.018	1	3.83628	0.00676104	-0.00423646	0.00797867	-0.0331939	0.0211823	0.0393767	
5	3	1	1	0.001	5	2	100	0.0182	1	3.83737	0.0057329	-0.00358942	0.00676388	-0.0282212	0.0179471	0.0334445	
5	3	1	1	0.001	5	2	100	0.0184	1	3.83846	0.00489603	-0.00306306	0.00577524	-0.0241603	0.0153153	0.0286056	
5	3	1	1	0.001	5	2	100	0.0186	1	3.83952	0.00406221	-0.00253945	0.00479065	-0.0200899	0.0126972	0.023766	
5	3	1	1	0.001	5	2	100	0.0188	1	3.84058	0.00334037	-0.0020866	0.00393852	-0.0165526	0.010433	0.0195662	
5	3	1	1	0.001	5	2	100	0.019	1	3.84162	0.00267561	-0.00167008	0.00315405	-0.0132818	0.00835038	0.0156887	
5	3	1	1	0.001	5	2	100	0.0192	1	3.84265	0.00209171	-0.00130463	0.00246522	-0.0103992	0.00652314	0.0122758	
5	3	1	1	0.001	5	2	100	0.0194	1	3.84367	0.00163242	-0.0010174	0.00192351	-0.0081265	0.00508701	0.00958737	
5	3	1	1	0.001	5	2	100	0.0196	1	3.84467	0.00120362	-0.000749596	0.00141796	-0.00599854	0.00374798	0.00707317	
5	3	1	1	0.001	5	2	100	0.0198	1	3.84567	0.000859259	-0.000534738	0.00101206	-0.00428626	0.00267369	0.0050518	
5	3	1	1	0.001	5	2	100	0.02	1	3.84665	0.00059839	-0.000372121	0.000704659	-0.00298716	0.0018606	0.00351923	
5	3	1	1	0.001	5	2	100	0.0202	1	3.84762	0.000386451	-0.000240148	0.000454989	-0.00193026	0.00120074	0.00227325	
5	3	1	1	0.001	5	2	100	0.0204	1	3.84857	0.000230059	-0.000142861	0.000270807	-0.00114959	0.000714305	0.00135343	
5	3	1	1	0.001	5	2	100	0.0206	1	3.84952	0.000123906	-7.68881e-05	0.000145823	-0.000619324	0.000384441	0.000728942	
5	3	1	1	0.001	5	2	100	0.0208	1	3.85046	5.76112e-05	-3.57249e-05	6.77888e-05	-0.000288012	0.000178624	0.000338906	
