2	2	0.25	1	0.001	5	0	1	100	0	0.5	2.88744	0.984739	-0.374715	1.05362	-2.87791	2.99772	4.15556	83	
2	2	0.25	1	0.001	5	0	1	100	0	0.525	2.88221	0.983132	-0.375265	1.05232	-2.86505	3.00212	4.14985	86	
2	2	0.25	1	0.001	5	0	1	100	0	0.55	2.87692	0.981493	-0.375806	1.05098	-2.85195	3.00645	4.14395	90	
2	2	0.25	1	0.001	5	0	1	100	0	0.575	2.87159	0.980718	-0.376708	1.05058	-2.84574	3.01366	4.14493	93	
2	2	0.25	1	0.001	5	0	1	100	0	0.6	2.86623	0.979267	-0.377333	1.04945	-2.83414	3.01867	4.14061	96	
2	2	0.25	1	0.001	5	0	1	100	0	0.625	2.86081	0.978172	-0.37811	1.04871	-2.82538	3.02488	4.13916	100	
2	2	0.25	1	0.001	5	0	1	100	0	0.65	2.85537	0.977063	-0.378883	1.04795	-2.8165	3.03106	4.13763	103	
2	2	0.25	1	0.001	5	0	1	100	0	0.675	2.84991	0.975754	-0.379572	1.04698	-2.80603	3.03657	4.13456	106	
2	2	0.25	1	0.001	5	0	1	100	0	0.7	2.84443	0.974773	-0.3804	1.04637	-2.79819	3.0432	4.13412	110	
2	2	0.25	1	0.001	5	0	1	100	0	0.725	2.83892	0.973681	-0.381182	1.04564	-2.78945	3.04945	4.13282	113	
2	2	0.25	1	0.001	5	0	1	100	0	0.75	2.83341	0.972504	-0.381926	1.04481	-2.78004	3.0554	4.13087	116	
2	2	0.25	1	0.001	5	0	1	100	0	0.775	2.82788	0.971516	-0.382749	1.04419	-2.77212	3.06199	4.13043	120	
2	2	0.25	1	0.001	5	0	1	100	0	0.8	2.82234	0.970491	-0.383555	1.04354	-2.76393	3.06844	4.12972	123	
2	2	0.25	1	0.001	5	0	1	100	0	0.825	2.81682	0.969423	-0.38434	1.04283	-2.75539	3.07472	4.12869	126	
2	2	0.25	1	0.001	5	0	1	100	0	0.85	2.81128	0.968365	-0.385126	1.04214	-2.74692	3.08101	4.12773	130	
2	2	0.25	1	0.001	5	0	1	100	0	0.875	2.80575	0.967413	-0.385955	1.04156	-2.73931	3.08764	4.12763	133	
2	2	0.25	1	0.001	5	0	1	100	0	0.9	2.80023	0.966426	-0.386765	1.04094	-2.73141	3.09412	4.12724	136	
2	2	0.25	1	0.001	5	0	1	100	0	0.925	2.79471	0.965433	-0.387567	1.04032	-2.72347	3.10054	4.12682	139	
2	2	0.25	1	0.001	5	0	1	100	0	0.95	2.78921	0.964446	-0.388368	1.0397	-2.71557	3.10694	4.12643	142	
2	2	0.25	1	0.001	5	0	1	100	0	0.975	2.78371	0.963468	-0.389167	1.0391	-2.70774	3.11334	4.12611	145	
2	2	0.25	1	0.001	5	0	1	100	0	1	2.77824	0.962517	-0.389974	1.03852	-2.70014	3.11979	4.12599	149	
2	2	0.25	1	0.001	5	0	1	100	0	1.025	2.77278	0.961577	-0.390779	1.03795	-2.69262	3.12623	4.12596	152	
2	2	0.25	1	0.001	5	0	1	100	0	1.05	2.76734	0.960641	-0.391581	1.03738	-2.68513	3.13264	4.12594	155	
2	2	0.25	1	0.001	5	0	1	100	0	1.075	2.76193	0.959711	-0.392378	1.03682	-2.67769	3.13903	4.12595	158	
2	2	0.25	1	0.001	5	0	1	100	0	1.1	2.75653	0.958787	-0.393172	1.03627	-2.6703	3.14538	4.126	161	
2	2	0.25	1	0.001	5	0	1	100	0	1.125	2.75116	0.957871	-0.393963	1.03572	-2.66297	3.1517	4.12609	164	
2	2	0.25	1	0.001	5	0	1	100	0	1.15	2.74581	0.956961	-0.394749	1.03518	-2.65569	3.15799	4.12621	167	
2	2	0.25	1	0.001	5	0	1	100	0	1.175	2.7405	0.956058	-0.395532	1.03465	-2.64846	3.16425	4.12636	170	
2	2	0.25	1	0.001	5	0	1	100	0	1.2	2.73521	0.955164	-0.396311	1.03412	-2.64132	3.17049	4.12657	172	
2	2	0.25	1	0.001	5	0	1	100	0	1.225	2.72995	0.95428	-0.397088	1.0336	-2.63424	3.1767	4.12682	175	
2	2	0.25	1	0.001	5	0	1	100	0	1.25	2.72472	0.953401	-0.397859	1.03309	-2.62721	3.18287	4.12709	178	
2	2	0.25	1	0.001	5	0	1	100	0	1.275	2.71952	0.952527	-0.398624	1.03257	-2.62022	3.18899	4.12737	181	
2	2	0.25	1	0.001	5	0	1	100	0	1.3	2.71436	0.951658	-0.399384	1.03207	-2.61326	3.19507	4.12766	184	
2	2	0.25	1	0.001	5	0	1	100	0	1.325	2.70922	0.950797	-0.400139	1.03157	-2.60638	3.20111	4.12799	186	
2	2	0.25	1	0.001	5	0	1	100	0	1.35	2.70412	0.949945	-0.40089	1.03107	-2.59956	3.20712	4.12836	189	
2	2	0.25	1	0.001	5	0	1	100	0	1.375	2.69906	0.949096	-0.401635	1.03058	-2.59277	3.21308	4.12872	192	
2	2	0.25	1	0.001	5	0	1	100	0	1.4	2.69403	0.948254	-0.402375	1.03009	-2.58603	3.219	4.12911	194	
2	2	0.25	1	0.001	5	0	1	100	0	1.425	2.68903	0.94742	-0.403109	1.02961	-2.57936	3.22487	4.12952	197	
2	2	0.25	1	0.001	5	0	1	100	0	1.45	2.68408	0.946591	-0.403837	1.02913	-2.57272	3.2307	4.12993	200	
2	2	0.25	1	0.001	5	0	1	100	0	1.475	2.67915	0.945769	-0.404561	1.02866	-2.56615	3.23649	4.13037	202	
2	2	0.25	1	0.001	5	0	1	100	0	1.5	2.67426	0.944952	-0.405278	1.02819	-2.55962	3.24222	4.13082	205	
2	2	0.25	1	0.001	5	0	1	100	0	1.525	2.66941	0.944142	-0.405989	1.02773	-2.55314	3.24792	4.13128	207	
2	2	0.25	1	0.001	5	0	1	100	0	1.55	2.66461	0.943337	-0.406695	1.02727	-2.5467	3.25356	4.13175	210	
2	2	0.25	1	0.001	5	0	1	100	0	1.575	2.65983	0.94254	-0.407395	1.02682	-2.54032	3.25916	4.13223	212	
2	2	0.25	1	0.001	5	0	1	100	0	1.6	2.65509	0.941747	-0.408089	1.02636	-2.53398	3.26471	4.13272	215	
2	2	0.25	1	0.001	5	0	1	100	0	1.625	2.65039	0.940961	-0.408777	1.02592	-2.52769	3.27021	4.13322	217	
2	2	0.25	1	0.001	5	0	1	100	0	1.65	2.64573	0.940181	-0.409459	1.02547	-2.52145	3.27567	4.13373	219	
2	2	0.25	1	0.001	5	0	1	100	0	1.675	2.64111	0.939407	-0.410135	1.02503	-2.51526	3.28108	4.13425	222	
2	2	0.25	1	0.001	5	0	1	100	0	1.7	2.63653	0.938639	-0.410805	1.0246	-2.50911	3.28644	4.13477	224	
2	2	0.25	1	0.001	5	0	1	100	0	1.725	2.63198	0.937877	-0.411469	1.02417	-2.50301	3.29175	4.1353	226	
2	2	0.25	1	0.001	5	0	1	100	0	1.75	2.62747	0.93712	-0.412128	1.02374	-2.49696	3.29702	4.13584	228	
2	2	0.25	1	0.001	5	0	1	100	0	1.775	2.62299	0.936369	-0.41278	1.02332	-2.49095	3.30224	4.13638	231	
2	2	0.25	1	0.001	5	0	1	100	0	1.8	2.61856	0.935624	-0.413426	1.02289	-2.48499	3.30741	4.13692	233	
2	2	0.25	1	0.001	5	0	1	100	0	1.825	2.61417	0.934885	-0.414067	1.02248	-2.47908	3.31253	4.13748	235	
2	2	0.25	1	0.001	5	0	1	100	0	1.85	2.60981	0.934151	-0.414701	1.02206	-2.47321	3.31761	4.13803	237	
2	2	0.25	1	0.001	5	0	1	100	0	1.875	2.6055	0.933424	-0.41533	1.02165	-2.46739	3.32264	4.13859	239	
2	2	0.25	1	0.001	5	0	1	100	0	1.9	2.60122	0.932701	-0.415952	1.02125	-2.46161	3.32762	4.13915	241	
2	2	0.25	1	0.001	5	0	1	100	0	1.925	2.59697	0.931985	-0.416569	1.02085	-2.45588	3.33255	4.13972	243	
2	2	0.25	1	0.001	5	0	1	100	0	1.95	2.59277	0.931274	-0.41718	1.02045	-2.45019	3.33744	4.14028	245	
2	2	0.25	1	0.001	5	0	1	100	0	1.975	2.5886	0.930569	-0.417785	1.02005	-2.44455	3.34228	4.14085	247	
2	2	0.25	1	0.001	5	0	1	100	0	2	2.58447	0.929869	-0.418385	1.01966	-2.43895	3.34708	4.14143	249	
2	2	0.25	1	0.001	5	0	1	100	0	2.025	2.58037	0.929174	-0.418978	1.01927	-2.4334	3.35183	4.142	251	
2	2	0.25	1	0.001	5	0	1	100	0	2.05	2.57631	0.928486	-0.419566	1.01888	-2.42789	3.35653	4.14257	253	
2	2	0.25	1	0.001	5	0	1	100	0	2.075	2.57229	0.927802	-0.420149	1.0185	-2.42242	3.36119	4.14315	255	
2	2	0.25	1	0.001	5	0	1	100	0	2.1	2.56831	0.927124	-0.420725	1.01812	-2.41699	3.3658	4.14373	257	
2	2	0.25	1	0.001	5	0	1	100	0	2.125	2.56436	0.926452	-0.421296	1.01774	-2.41161	3.37037	4.14431	259	
2	2	0.25	1	0.001	5	0	1	100	0	2.15	2.56044	0.925785	-0.421862	1.01737	-2.40628	3.37489	4.14488	261	
2	2	0.25	1	0.001	5	0	1	100	0	2.175	2.55657	0.925123	-0.422422	1.017	-2.40098	3.37937	4.14546	263	
2	2	0.25	1	0.001	5	0	1	100	0	2.2	2.55272	0.924466	-0.422976	1.01663	-2.39573	3.38381	4.14604	264	
2	2	0.25	1	0.001	5	0	1	100	0	2.225	2.54892	0.923815	-0.423525	1.01627	-2.39052	3.3882	4.14662	266	
2	2	0.25	1	0.001	5	0	1	100	0	2.25	2.54515	0.923169	-0.424069	1.01591	-2.38535	3.39255	4.1472	268	
2	2	0.25	1	0.001	5	0	1	100	0	2.275	2.54141	0.922528	-0.424607	1.01555	-2.38022	3.39686	4.14778	270	
2	2	0.25	1	0.001	5	0	1	100	0	2.3	2.53771	0.921892	-0.42514	1.0152	-2.37513	3.40112	4.14836	271	
2	2	0.25	1	0.001	5	0	1	100	0	2.325	2.53404	0.921261	-0.425668	1.01485	-2.37009	3.40534	4.14894	273	
2	2	0.25	1	0.001	5	0	1	100	0	2.35	2.5304	0.920636	-0.426191	1.0145	-2.36508	3.40952	4.14952	275	
2	2	0.25	1	0.001	5	0	1	100	0	2.375	2.5268	0.920015	-0.426708	1.01415	-2.36012	3.41366	4.15009	276	
2	2	0.25	1	0.001	5	0	1	100	0	2.4	2.52323	0.9194	-0.42722	1.01381	-2.3552	3.41776	4.15067	278	
2	2	0.25	1	0.001	5	0	1	100	0	2.425	2.5197	0.918789	-0.427727	1.01347	-2.35031	3.42182	4.15124	280	
2	2	0.25	1	0.001	5	0	1	100	0	2.45	2.51619	0.918184	-0.42823	1.01313	-2.34547	3.42584	4.15182	281	
2	2	0.25	1	0.001	5	0	1	100	0	2.475	2.51272	0.917583	-0.428727	1.0128	-2.34066	3.42981	4.15239	283	
2	2	0.25	1	0.001	5	0	1	100	0	2.5	2.50928	0.916987	-0.429219	1.01247	-2.3359	3.43375	4.15296	284	
2	2	0.25	1	0.001	5	0	1	100	0	2.525	2.50587	0.916396	-0.429707	1.01214	-2.33117	3.43765	4.15353	286	
2	2	0.25	1	0.001	5	0	1	100	0	2.55	2.5025	0.91581	-0.430189	1.01182	-2.32648	3.44151	4.1541	287	
2	2	0.25	1	0.001	5	0	1	100	0	2.575	2.49915	0.915229	-0.430667	1.01149	-2.32183	3.44534	4.15466	289	
2	2	0.25	1	0.001	5	0	1	100	0	2.6	2.49583	0.914652	-0.43114	1.01117	-2.31722	3.44912	4.15523	290	
2	2	0.25	1	0.001	5	0	1	100	0	2.625	2.49255	0.91408	-0.431608	1.01086	-2.31264	3.45287	4.15579	292	
2	2	0.25	1	0.001	5	0	1	100	0	2.65	2.4893	0.913513	-0.432072	1.01054	-2.30811	3.45658	4.15635	293	
2	2	0.25	1	0.001	5	0	1	100	0	2.675	2.48607	0.912951	-0.432531	1.01023	-2.30361	3.46025	4.15691	295	
2	2	0.25	1	0.001	5	0	1	100	0	2.7	2.48288	0.912393	-0.432986	1.00992	-2.29914	3.46389	4.15747	296	
2	2	0.25	1	0.001	5	0	1	100	0	2.725	2.47972	0.911839	-0.433436	1.00961	-2.29471	3.46749	4.15803	297	
2	2	0.25	1	0.001	5	0	1	100	0	2.75	2.47658	0.91129	-0.433882	1.00931	-2.29032	3.47105	4.15858	299	
2	2	0.25	1	0.001	5	0	1	100	0	2.775	2.47347	0.910746	-0.434323	1.00901	-2.28597	3.47458	4.15913	300	
2	2	0.25	1	0.001	5	0	1	100	0	2.8	2.4704	0.910206	-0.43476	1.00871	-2.28165	3.47808	4.15968	301	
2	2	0.25	1	0.001	5	0	1	100	0	2.825	2.46735	0.909671	-0.435192	1.00841	-2.27737	3.48154	4.16023	303	
2	2	0.25	1	0.001	5	0	1	100	0	2.85	2.46432	0.90914	-0.435621	1.00812	-2.27312	3.48497	4.16078	304	
2	2	0.25	1	0.001	5	0	1	100	0	2.875	2.46134	0.908613	-0.436045	1.00783	-2.2689	3.48836	4.16132	305	
2	2	0.25	1	0.001	5	0	1	100	0	2.9	2.45836	0.908091	-0.436465	1.00754	-2.26473	3.49172	4.16186	307	
2	2	0.25	1	0.001	5	0	1	100	0	2.925	2.45542	0.907573	-0.436881	1.00725	-2.26058	3.49505	4.1624	308	
2	2	0.25	1	0.001	5	0	1	100	0	2.95	2.45252	0.907059	-0.437292	1.00697	-2.25647	3.49834	4.16294	309	
2	2	0.25	1	0.001	5	0	1	100	0	2.975	2.44962	0.906549	-0.4377	1.00668	-2.25239	3.5016	4.16347	310	
