2	2	0.25	1	0.001	1	0	1	100	0	1	2.95527	0.198	-0.0718778	0.210643	-0.583998	0.575022	0.819575	149	
2	2	0.25	1	0.001	1.5	0	1	100	0	1	2.93297	0.29607	-0.108925	0.315471	-0.868559	0.8714	1.23034	149	
2	2	0.25	1	0.001	2	0	1	100	0	1	2.91071	0.393484	-0.146726	0.41995	-1.14787	1.17381	1.64178	149	
2	2	0.25	1	0.001	2.5	0	1	100	0	1	2.88851	0.490214	-0.185293	0.524064	-1.42171	1.48234	2.05392	149	
2	2	0.25	1	0.001	3	0	1	100	0	1	2.86635	0.58623	-0.224636	0.627795	-1.68984	1.79709	2.46679	149	
2	2	0.25	1	0.001	3.5	0	1	100	0	1	2.84424	0.6815	-0.264766	0.731125	-1.952	2.11813	2.88041	149	
2	2	0.25	1	0.001	4	0	1	100	0	1	2.82218	0.775995	-0.305692	0.834036	-2.20796	2.44554	3.2948	149	
2	2	0.25	1	0.001	4.5	0	1	100	0	1	2.80018	0.869678	-0.347425	0.936507	-2.45743	2.7794	3.70999	149	
2	2	0.25	1	0.001	5	0	1	100	0	1	2.77824	0.962517	-0.389974	1.03852	-2.70014	3.11979	4.12599	149	
2	2	0.25	1	0.001	5.5	0	1	100	0	1	2.75635	1.05449	-0.433352	1.14006	-2.93591	3.46682	4.54295	148	
2	2	0.25	1	0.001	6	0	1	100	0	1	2.73452	1.14556	-0.477573	1.24112	-3.16451	3.82058	4.96094	148	
2	2	0.25	1	0.001	6.5	0	1	100	0	1	2.71276	1.23569	-0.522636	1.34167	-3.3855	4.18109	5.37988	148	
2	2	0.25	1	0.001	7	0	1	100	0	1	2.69106	1.32482	-0.568548	1.44166	-3.59857	4.54838	5.79978	148	
2	2	0.25	1	0.001	7.5	0	1	100	0	1	2.66942	1.41292	-0.615314	1.54109	-3.80338	4.92251	6.22068	148	
2	2	0.25	1	0.001	8	0	1	100	0	1	2.64784	1.49995	-0.662939	1.63992	-3.9996	5.30351	6.64259	148	
2	2	0.25	1	0.001	8.5	0	1	100	0	1	2.62633	1.58586	-0.711426	1.73812	-4.18686	5.6914	7.06554	148	
2	2	0.25	1	0.001	9	0	1	100	0	1	2.6049	1.67062	-0.760789	1.8357	-4.365	6.08631	7.48975	147	
2	2	0.25	1	0.001	9.5	0	1	100	0	1	2.58354	1.75422	-0.811042	1.93264	-4.53378	6.48833	7.9154	147	
2	2	0.25	1	0.001	10	0	1	100	0	1	2.56226	1.83657	-0.862164	2.02887	-4.69253	6.89731	8.34223	147	
2	2	0.25	1	0.001	10.5	0	1	100	0	1	2.54106	1.91761	-0.914154	2.12436	-4.84087	7.31323	8.77026	147	
2	2	0.25	1	0.001	11	0	1	100	0	1	2.51994	1.9973	-0.967008	2.21908	-4.97838	7.73606	9.19951	147	
2	2	0.25	1	0.001	11.5	0	1	100	0	1	2.49891	2.07558	-1.02072	2.31298	-5.10462	8.16575	9.62999	147	
2	2	0.25	1	0.001	12	0	1	100	0	1	2.47797	2.15246	-1.07532	2.40612	-5.2197	8.60258	10.0623	146	
2	2	0.25	1	0.001	12.5	0	1	100	0	1	2.45712	2.22787	-1.13079	2.49842	-5.32293	9.04633	10.4962	146	
2	2	0.25	1	0.001	13	0	1	100	0	1	2.43636	2.30171	-1.1871	2.5898	-5.41365	9.49678	10.9314	146	
2	2	0.25	1	0.001	13.5	0	1	100	0	1	2.41568	2.37392	-1.24422	2.68022	-5.49138	9.95379	11.3681	146	
2	2	0.25	1	0.001	14	0	1	100	0	1	2.3951	2.44446	-1.30215	2.76965	-5.55566	10.4172	11.8061	146	
2	2	0.25	1	0.001	14.5	0	1	100	0	1	2.37463	2.51337	-1.36096	2.85818	-5.60694	10.8877	12.2466	145	
2	2	0.25	1	0.001	15	0	1	100	0	1	2.35426	2.58049	-1.42054	2.94565	-5.64395	11.3643	12.6886	145	
2	2	0.25	1	0.001	15.5	0	1	100	0	1	2.33401	2.64576	-1.48087	3.032	-5.66611	11.8469	13.1322	145	
2	2	0.25	1	0.001	16	0	1	100	0	1	2.31387	2.70912	-1.54191	3.11718	-5.67293	12.3353	13.5773	145	
2	2	0.25	1	0.001	16.5	0	1	100	0	1	2.29385	2.77061	-1.60375	3.2013	-5.66491	12.83	14.025	144	
2	2	0.25	1	0.001	17	0	1	100	0	1	2.27396	2.83011	-1.66627	3.2842	-5.64085	13.3302	14.4745	144	
2	2	0.25	1	0.001	17.5	0	1	100	0	1	2.25415	2.8875	-1.72941	3.36579	-5.60001	13.8353	14.9257	144	
2	2	0.25	1	0.001	18	0	1	100	0	1	2.23447	2.94276	-1.79316	3.44606	-5.54212	14.3453	15.3786	143	
2	2	0.25	1	0.001	18.5	0	1	100	0	1	2.21492	2.99596	-1.85759	3.52512	-5.4677	14.8607	15.8347	143	
2	2	0.25	1	0.001	19	0	1	100	0	1	2.19552	3.04688	-1.92252	3.60272	-5.37507	15.3801	16.2923	143	
2	2	0.25	1	0.001	19.5	0	1	100	0	1	2.17626	3.09546	-1.98788	3.6788	-5.26371	15.903	16.7515	143	
2	2	0.25	1	0.001	20	0	1	100	0	1	2.15716	3.14184	-2.05381	3.75357	-5.13469	16.4305	17.2141	142	
2	2	0.25	1	0.001	20.5	0	1	100	0	1	2.13817	3.18578	-2.1201	3.82675	-4.98624	16.9608	17.6785	142	
2	2	0.25	1	0.001	21	0	1	100	0	1	2.1193	3.22722	-2.18664	3.89825	-4.81773	17.4931	18.1444	142	
2	2	0.25	1	0.001	21.5	0	1	100	0	1	2.10061	3.26631	-2.25363	3.96833	-4.63047	18.029	18.6142	141	
2	2	0.25	1	0.001	22	0	1	100	0	1	2.08208	3.30281	-2.32076	4.03664	-4.42248	18.5661	19.0855	141	
2	2	0.25	1	0.001	22.5	0	1	100	0	1	2.06373	3.3367	-2.38799	4.10318	-4.19363	19.1039	19.5588	140	
2	2	0.25	1	0.001	23	0	1	100	0	1	2.04554	3.3681	-2.45544	4.16813	-3.94482	19.6435	20.0357	140	
2	2	0.25	1	0.001	23.5	0	1	100	0	1	2.02746	3.39676	-2.52278	4.23112	-3.67407	20.1822	20.5139	140	
2	2	0.25	1	0.001	24	0	1	100	0	1	2.00957	3.42282	-2.59015	4.29238	-3.38253	20.7212	20.9955	139	
2	2	0.25	1	0.001	24.5	0	1	100	0	1	1.99187	3.44615	-2.65736	4.35173	-3.06924	21.2589	21.4793	139	
2	2	0.25	1	0.001	25	0	1	100	0	1	1.97438	3.46674	-2.72429	4.40908	-2.7339	21.7943	21.9651	138	
2	2	0.25	1	0.001	25.5	0	1	100	0	1	1.95705	3.48466	-2.79103	4.46461	-2.37727	22.3282	22.4544	138	
2	2	0.25	1	0.001	26	0	1	100	0	1	1.93986	3.49972	-2.85721	4.51793	-1.99776	22.8576	22.9448	137	
2	2	0.25	1	0.001	26.5	0	1	100	0	1	1.92289	3.51216	-2.92314	4.56947	-1.59732	23.3851	23.4396	137	
2	2	0.25	1	0.001	27	0	1	100	0	1	1.90614	3.52171	-2.98826	4.61867	-1.17368	23.9061	23.9349	137	
2	2	0.25	1	0.001	27.5	0	1	100	0	1	1.88959	3.52864	-3.05298	4.66605	-0.729158	24.4239	24.4348	136	
2	2	0.25	1	0.001	28	0	1	100	0	1	1.87317	3.5327	-3.1167	4.71103	-0.261611	24.9336	24.935	136	
2	2	0.25	1	0.001	28.5	0	1	100	0	1	1.85698	3.53417	-3.17985	4.75413	0.226676	25.4388	25.4398	135	
2	2	0.25	1	0.001	29	0	1	100	0	1	1.84104	3.53279	-3.24178	4.79477	0.737655	25.9343	25.9448	134	
2	2	0.25	1	0.001	29.5	0	1	100	0	1	1.8253	3.52889	-3.303	4.83352	1.26889	26.424	26.4545	134	
2	2	0.25	1	0.001	30	0	1	100	0	1	1.8097	3.52224	-3.36286	4.8698	1.82211	26.9028	26.9645	133	
2	2	0.25	1	0.001	30.5	0	1	100	0	1	1.79437	3.51308	-3.42172	4.90406	2.39539	27.3737	27.4783	133	
2	2	0.25	1	0.001	31	0	1	100	0	1	1.77931	3.50132	-3.47916	4.93597	2.98942	27.8333	27.9934	132	
2	2	0.25	1	0.001	31.5	0	1	100	0	1	1.76436	3.48709	-3.53527	4.96568	3.60325	28.2822	28.5108	132	
2	2	0.25	1	0.001	32	0	1	100	0	1	1.74966	3.47047	-3.59001	4.99322	4.23627	28.7201	29.0308	131	
2	2	0.25	1	0.001	32.5	0	1	100	0	1	1.73525	3.45141	-3.64299	5.01832	4.88872	29.1439	29.5511	131	
2	2	0.25	1	0.001	33	0	1	100	0	1	1.72101	3.43018	-3.69473	5.04154	5.55858	29.5578	30.0759	130	
2	2	0.25	1	0.001	33.5	0	1	100	0	1	1.70696	3.40668	-3.74458	5.06235	6.24656	29.9567	30.601	129	
2	2	0.25	1	0.001	34	0	1	100	0	1	1.69321	3.38106	-3.7927	5.08096	6.95149	30.3416	31.1278	129	
2	2	0.25	1	0.001	34.5	0	1	100	0	1	1.67969	3.35346	-3.8392	5.09756	7.67236	30.7136	31.6574	128	
2	2	0.25	1	0.001	35	0	1	100	0	1	1.66631	3.32387	-3.88366	5.11184	8.40906	31.0693	32.1871	127	
2	2	0.25	1	0.001	35.5	0	1	100	0	1	1.65325	3.29246	-3.92634	5.1241	9.1603	31.4107	32.7191	127	
2	2	0.25	1	0.001	36	0	1	100	0	1	1.64042	3.25933	-3.96716	5.13435	9.92538	31.7373	33.2531	126	
2	2	0.25	1	0.001	36.5	0	1	100	0	1	1.62772	3.22453	-4.00584	5.14241	10.7038	32.0467	33.787	125	
2	2	0.25	1	0.001	37	0	1	100	0	1	1.61536	3.18821	-4.04261	5.14854	11.4943	32.3409	34.3228	125	
2	2	0.25	1	0.001	37.5	0	1	100	0	1	1.6032	3.15048	-4.07749	5.15281	12.2962	32.6199	34.8605	124	
2	2	0.25	1	0.001	38	0	1	100	0	1	1.5912	3.11141	-4.11016	5.15503	13.1087	32.8813	35.398	123	
2	2	0.25	1	0.001	38.5	0	1	100	0	1	1.57955	3.07113	-4.14074	5.15534	13.9309	33.1259	35.936	123	
2	2	0.25	1	0.001	39	0	1	100	0	1	1.56804	3.02976	-4.16953	5.15407	14.7619	33.3563	36.4768	122	
2	2	0.25	1	0.001	39.5	0	1	100	0	1	1.55674	2.98739	-4.19613	5.15092	15.6009	33.569	37.0171	121	
2	2	0.25	1	0.001	40	0	1	100	0	1	1.54581	2.94413	-4.22054	5.14595	16.447	33.7643	37.557	120	
2	2	0.25	1	0.001	40.5	0	1	100	0	1	1.53491	2.90008	-4.24314	5.13952	17.2993	33.9451	38.099	120	
2	2	0.25	1	0.001	41	0	1	100	0	1	1.52432	2.85535	-4.26374	5.13152	18.1572	34.1099	38.6416	119	
2	2	0.25	1	0.001	41.5	0	1	100	0	1	1.51405	2.81004	-4.28222	5.12189	19.0197	34.2578	39.1835	118	
2	2	0.25	1	0.001	42	0	1	100	0	1	1.50378	2.76426	-4.2986	5.11069	19.8859	34.3888	39.7246	117	
2	2	0.25	1	0.001	42.5	0	1	100	0	1	1.49388	2.71806	-4.31344	5.09839	20.7555	34.5075	40.2686	117	
2	2	0.25	1	0.001	43	0	1	100	0	1	1.48418	2.67157	-4.32625	5.08466	21.6275	34.61	40.8118	116	
2	2	0.25	1	0.001	43.5	0	1	100	0	1	1.47459	2.62488	-4.33709	5.06955	22.501	34.6967	41.354	115	
2	2	0.25	1	0.001	44	0	1	100	0	1	1.46539	2.57808	-4.34604	5.05318	23.3753	34.7684	41.8957	115	
2	2	0.25	1	0.001	44.5	0	1	100	0	1	1.45621	2.53118	-4.35357	5.03592	24.2505	34.8286	42.4396	114	
2	2	0.25	1	0.001	45	0	1	100	0	1	1.44729	2.48434	-4.35926	5.01748	25.1253	34.8741	42.9824	113	
2	2	0.25	1	0.001	45.5	0	1	100	0	1	1.43872	2.43762	-4.36316	4.99791	25.9991	34.9052	43.5239	112	
2	2	0.25	1	0.001	46	0	1	100	0	1	1.43007	2.39107	-4.36542	4.97736	26.8714	34.9234	44.0649	112	
2	2	0.25	1	0.001	46.5	0	1	100	0	1	1.4218	2.34469	-4.36643	4.95614	27.7425	34.9315	44.6078	111	
2	2	0.25	1	0.001	47	0	1	100	0	1	1.4137	2.29863	-4.36582	4.93397	28.611	34.9265	45.1492	110	
2	2	0.25	1	0.001	47.5	0	1	100	0	1	1.40567	2.25295	-4.36362	4.91091	29.4764	34.909	45.6891	109	
2	2	0.25	1	0.001	48	0	1	100	0	1	1.39803	2.20766	-4.36009	4.88714	30.3387	34.8807	46.2288	109	
2	2	0.25	1	0.001	48.5	0	1	100	0	1	1.39036	2.16274	-4.35548	4.86289	31.1981	34.8439	46.7698	108	
2	2	0.25	1	0.001	49	0	1	100	0	1	1.38293	2.11835	-4.34946	4.83789	32.0532	34.7957	47.3091	107	
2	2	0.25	1	0.001	49.5	0	1	100	0	1	1.37588	2.07453	-4.34209	4.81221	32.9038	34.7367	47.8466	106	
2	2	0.25	1	0.001	50	0	1	100	0	1	1.36862	2.0312	-4.33375	4.78614	33.7504	34.67	48.3849	106	
2	2	0.25	1	0.001	50.5	0	1	100	0	1	1.36175	1.98842	-4.32443	4.75967	34.5926	34.5954	48.9233	105	
2	2	0.25	1	0.001	51	0	1	100	0	1	1.35509	1.94632	-4.31391	4.73265	35.4294	34.5113	49.4598	104	
2	2	0.25	1	0.001	51.5	0	1	100	0	1	1.34837	1.90493	-4.30225	4.70511	36.2606	34.418	49.9943	103	
2	2	0.25	1	0.001	52	0	1	100	0	1	1.34203	1.86402	-4.29009	4.67755	37.0879	34.3207	50.5314	103	
2	2	0.25	1	0.001	52.5	0	1	100	0	1	1.33575	1.82384	-4.27692	4.64957	37.9093	34.2154	51.0667	102	
2	2	0.25	1	0.001	53	0	1	100	0	1	1.32951	1.78444	-4.26275	4.62118	38.7245	34.102	51.5997	101	
2	2	0.25	1	0.001	53.5	0	1	100	0	1	1.32367	1.74568	-4.24796	4.59266	39.5346	33.9837	52.1332	101	
2	2	0.25	1	0.001	54	0	1	100	0	1	1.31774	1.70756	-4.23259	4.56406	40.3395	33.8607	52.6671	100	
2	2	0.25	1	0.001	54.5	0	1	100	0	1	1.31196	1.67027	-4.21635	4.53513	41.1378	33.7308	53.1986	99	
2	2	0.25	1	0.001	55	0	1	100	0	1	1.30657	1.63373	-4.19943	4.50603	41.9301	33.5955	53.7289	99	
2	2	0.25	1	0.001	55.5	0	1	100	0	1	1.30098	1.59775	-4.18227	4.47708	42.718	33.4582	54.2612	98	
2	2	0.25	1	0.001	56	0	1	100	0	1	1.29561	1.56262	-4.16435	4.44787	43.4991	33.3148	54.7909	97	
2	2	0.25	1	0.001	56.5	0	1	100	0	1	1.29062	1.5283	-4.14578	4.41851	44.2736	33.1662	55.3186	97	
2	2	0.25	1	0.001	57	0	1	100	0	1	1.28537	1.49447	-4.12718	4.38942	45.0442	33.0174	55.8492	96	
2	2	0.25	1	0.001	57.5	0	1	100	0	1	1.28037	1.46152	-4.1079	4.36015	45.8079	32.8632	56.3769	95	
2	2	0.25	1	0.001	58	0	1	100	0	1	1.27574	1.42936	-4.08812	4.33079	46.5651	32.7049	56.9027	95	
2	2	0.25	1	0.001	58.5	0	1	100	0	1	1.27084	1.39768	-4.06837	4.30177	47.3185	32.547	57.4313	94	
2	2	0.25	1	0.001	59	0	1	100	0	1	1.26616	1.36689	-4.04803	4.27258	48.0649	32.3842	57.9566	93	
2	2	0.25	1	0.001	59.5	0	1	100	0	1	1.26185	1.3368	-4.02741	4.24347	48.8056	32.2193	58.4813	93	
2	2	0.25	1	0.001	60	0	1	100	0	1	1.25731	1.30725	-4.00677	4.21463	49.542	32.0542	59.0075	92	
2	2	0.25	1	0.001	60.5	0	1	100	0	1	1.25291	1.27859	-3.98559	4.18566	50.2713	31.8847	59.5301	91	
2	2	0.25	1	0.001	61	0	1	100	0	1	1.24886	1.25043	-3.96447	4.157	50.9966	31.7158	60.0545	91	
2	2	0.25	1	0.001	61.5	0	1	100	0	1	1.24472	1.22295	-3.94314	4.12844	51.7164	31.5451	60.5779	90	
2	2	0.25	1	0.001	62	0	1	100	0	1	1.24054	1.19634	-3.92138	4.09981	52.4293	31.371	61.0981	90	
2	2	0.25	1	0.001	62.5	0	1	100	0	1	1.23671	1.17	-3.89999	4.07171	53.14	31.1999	61.6221	89	
2	2	0.25	1	0.001	63	0	1	100	0	1	1.23303	1.14458	-3.87811	4.04349	53.8434	31.0249	62.1422	88	
2	2	0.25	1	0.001	63.5	0	1	100	0	1	1.22903	1.11963	-3.85633	4.01558	54.5429	30.8507	62.6633	88	
2	2	0.25	1	0.001	64	0	1	100	0	1	1.22536	1.09529	-3.83449	3.98785	55.2376	30.6759	63.1839	87	
2	2	0.25	1	0.001	64.5	0	1	100	0	1	1.22204	1.07173	-3.81236	3.96014	55.9262	30.4989	63.7018	87	
2	2	0.25	1	0.001	65	0	1	100	0	1	1.21832	1.04843	-3.79061	3.93292	56.6126	30.3248	64.2229	86	
2	2	0.25	1	0.001	65.5	0	1	100	0	1	1.21478	1.02606	-3.76839	3.90558	57.2915	30.1471	64.7392	85	
2	2	0.25	1	0.001	66	0	1	100	0	1	1.21156	1.00387	-3.74663	3.87878	57.969	29.973	65.2594	85	
2	2	0.25	1	0.001	66.5	0	1	100	0	1	1.20841	0.982499	-3.72455	3.85196	58.64	29.7964	65.776	84	
2	2	0.25	1	0.001	67	0	1	100	0	1	1.20494	0.961506	-3.70268	3.82548	59.308	29.6214	66.2938	84	
2	2	0.25	1	0.001	67.5	0	1	100	0	1	1.20179	0.941093	-3.68078	3.79918	59.9713	29.4462	66.8104	83	
2	2	0.25	1	0.001	68	0	1	100	0	1	1.19895	0.921222	-3.65888	3.77307	60.6302	29.271	67.3262	83	
2	2	0.25	1	0.001	68.5	0	1	100	0	1	1.19587	0.901733	-3.63717	3.74729	61.2861	29.0974	67.8428	82	
2	2	0.25	1	0.001	69	0	1	100	0	1	1.19273	0.882912	-3.61533	3.72158	61.9367	28.9226	68.357	82	
2	2	0.25	1	0.001	69.5	0	1	100	0	1	1.18989	0.864314	-3.59383	3.69631	62.5855	28.7507	68.8734	81	
2	2	0.25	1	0.001	70	0	1	100	0	1	1.18737	0.846472	-3.57211	3.67103	63.2282	28.5769	69.3862	81	
2	2	0.25	1	0.001	70.5	0	1	100	0	1	1.18441	0.828737	-3.55084	3.64626	63.8701	28.4067	69.9023	80	
2	2	0.25	1	0.001	71	0	1	100	0	1	1.18153	0.811801	-3.52929	3.62145	64.5056	28.2343	70.4141	80	
2	2	0.25	1	0.001	71.5	0	1	100	0	1	1.17896	0.794907	-3.50824	3.59717	65.1407	28.0659	70.9296	79	
2	2	0.25	1	0.001	72	0	1	100	0	1	1.17669	0.778808	-3.48692	3.57284	65.7695	27.8954	71.4408	79	
2	2	0.25	1	0.001	72.5	0	1	100	0	1	1.17393	0.762737	-3.4661	3.54903	66.3981	27.7288	71.9555	78	
2	2	0.25	1	0.001	73	0	1	100	0	1	1.17126	0.747406	-3.44505	3.52519	67.0207	27.5604	72.4662	78	
2	2	0.25	1	0.001	73.5	0	1	100	0	1	1.16887	0.732146	-3.42444	3.50183	67.6428	27.3955	72.9799	77	
2	2	0.25	1	0.001	74	0	1	100	0	1	1.16678	0.717516	-3.40372	3.47852	68.2599	27.2297	73.4906	77	
2	2	0.25	1	0.001	74.5	0	1	100	0	1	1.16434	0.703057	-3.38331	3.45559	68.8755	27.0665	74.0029	76	
2	2	0.25	1	0.001	75	0	1	100	0	1	1.16181	0.689065	-3.36293	3.4328	69.4875	26.9035	74.5138	76	
2	2	0.25	1	0.001	75.5	0	1	100	0	1	1.15956	0.675405	-3.34272	3.41027	70.0968	26.7417	75.0245	75	
2	2	0.25	1	0.001	76	0	1	100	0	1	1.15758	0.661989	-3.32272	3.38803	70.7041	26.5818	75.5358	75	
2	2	0.25	1	0.001	76.5	0	1	100	0	1	1.15561	0.649129	-3.30267	3.36586	71.307	26.4214	76.0446	74	
2	2	0.25	1	0.001	77	0	1	100	0	1	1.15316	0.63623	-3.28309	3.34417	71.9102	26.2647	76.5566	74	
2	2	0.25	1	0.001	77.5	0	1	100	0	1	1.15097	0.624169	-3.26319	3.32235	72.5066	26.1055	77.0631	74	
2	2	0.25	1	0.001	78	0	1	100	0	1	1.14905	0.611738	-3.24404	3.30121	73.1061	25.9523	77.5759	73	
2	2	0.25	1	0.001	78.5	0	1	100	0	1	1.1474	0.600107	-3.22459	3.27996	73.6991	25.7967	78.0835	73	
2	2	0.25	1	0.001	79	0	1	100	0	1	1.1453	0.58847	-3.20556	3.25912	74.2922	25.6445	78.5937	72	
2	2	0.25	1	0.001	79.5	0	1	100	0	1	1.14312	0.577217	-3.18658	3.23844	74.8823	25.4927	79.1026	72	
2	2	0.25	1	0.001	80	0	1	100	0	1	1.14119	0.566391	-3.16764	3.21787	75.4689	25.3411	79.6098	71	
2	2	0.25	1	0.001	80.5	0	1	100	0	1	1.13952	0.555466	-3.14915	3.19776	76.0563	25.1932	80.1202	71	
2	2	0.25	1	0.001	81	0	1	100	0	1	1.13811	0.545285	-3.13041	3.17755	76.6377	25.0433	80.6257	71	
2	2	0.25	1	0.001	81.5	0	1	100	0	1	1.13602	0.534828	-3.11227	3.15789	77.2214	24.8982	81.1361	70	
2	2	0.25	1	0.001	82	0	1	100	0	1	1.13404	0.5249	-3.09405	3.13826	77.8008	24.7524	81.6434	70	
2	2	0.25	1	0.001	82.5	0	1	100	0	1	1.1323	0.515284	-3.07593	3.11879	78.3777	24.6074	82.1498	69	
2	2	0.25	1	0.001	83	0	1	100	0	1	1.1308	0.505566	-3.05823	3.09973	78.9555	24.4658	82.6592	69	
2	2	0.25	1	0.001	83.5	0	1	100	0	1	1.12954	0.496532	-3.04032	3.0806	79.5277	24.3226	83.164	69	
2	2	0.25	1	0.001	84	0	1	100	0	1	1.12768	0.487273	-3.02292	3.06194	80.1018	24.1834	83.6728	68	
2	2	0.25	1	0.001	84.5	0	1	100	0	1	1.12582	0.478382	-3.00555	3.04339	80.6729	24.0444	84.1799	68	
2	2	0.25	1	0.001	85	0	1	100	0	1	1.12418	0.470018	-2.9881	3.02484	81.2399	23.9048	84.6838	67	
2	2	0.25	1	0.001	85.5	0	1	100	0	1	1.12278	0.461233	-2.97127	3.00686	81.8101	23.7702	85.1934	67	
2	2	0.25	1	0.001	86	0	1	100	0	1	1.12161	0.453075	-2.95427	2.98881	82.3754	23.6342	85.6988	67	
2	2	0.25	1	0.001	86.5	0	1	100	0	1	1.12021	0.44509	-2.93744	2.97097	82.9393	23.4995	86.2041	66	
2	2	0.25	1	0.001	87	0	1	100	0	1	1.11839	0.43698	-2.921	2.9535	83.5042	23.368	86.7122	66	
2	2	0.25	1	0.001	87.5	0	1	100	0	1	1.11679	0.429467	-2.90439	2.93597	84.0643	23.2351	87.2162	66	
2	2	0.25	1	0.001	88	0	1	100	0	1	1.11541	0.421871	-2.88813	2.91878	84.625	23.1051	87.7225	65	
2	2	0.25	1	0.001	88.5	0	1	100	0	1	1.11425	0.414351	-2.87209	2.90183	85.1852	22.9767	88.2295	65	
2	2	0.25	1	0.001	89	0	1	100	0	1	1.11332	0.407402	-2.8559	2.88482	85.7408	22.8472	88.7326	65	
2	2	0.25	1	0.001	89.5	0	1	100	0	1	1.11178	0.400213	-2.84016	2.86822	86.2983	22.7213	89.2393	64	
2	2	0.25	1	0.001	90	0	1	100	0	1	1.11015	0.393207	-2.82454	2.85178	86.8543	22.5963	89.7456	64	
2	2	0.25	1	0.001	90.5	0	1	100	0	1	1.10873	0.386744	-2.80879	2.8353	87.4061	22.4704	90.2482	64	
2	2	0.25	1	0.001	91	0	1	100	0	1	1.10751	0.379991	-2.79351	2.81923	87.9601	22.348	90.7547	63	
2	2	0.25	1	0.001	91.5	0	1	100	0	1	1.10651	0.373426	-2.77833	2.80331	88.5126	22.2266	91.2606	63	
2	2	0.25	1	0.001	92	0	1	100	0	1	1.10571	0.367377	-2.76303	2.78735	89.061	22.1042	91.763	63	
2	2	0.25	1	0.001	92.5	0	1	100	0	1	1.10434	0.361097	-2.74813	2.77176	89.6112	21.9851	92.2687	62	
2	2	0.25	1	0.001	93	0	1	100	0	1	1.10281	0.354906	-2.73341	2.75635	90.1608	21.8673	92.7747	62	
2	2	0.25	1	0.001	93.5	0	1	100	0	1	1.10147	0.349206	-2.71857	2.74091	90.7064	21.7486	93.2772	62	
2	2	0.25	1	0.001	94	0	1	100	0	1	1.10033	0.343444	-2.70401	2.72573	91.2525	21.6321	93.7814	61	
2	2	0.25	1	0.001	94.5	0	1	100	0	1	1.0994	0.337564	-2.68974	2.71084	91.7995	21.5179	94.2877	61	
2	2	0.25	1	0.001	95	0	1	100	0	1	1.09866	0.332151	-2.67538	2.69591	92.3428	21.403	94.7907	61	
2	2	0.25	1	0.001	95.5	0	1	100	0	1	1.09781	0.326959	-2.66108	2.68109	92.8843	21.2886	95.2927	60	
2	2	0.25	1	0.001	96	0	1	100	0	1	1.0963	0.321333	-2.64728	2.66671	93.4293	21.1782	95.7996	60	
2	2	0.25	1	0.001	96.5	0	1	100	0	1	1.09498	0.316151	-2.63339	2.6523	93.9708	21.0671	96.3033	60	
2	2	0.25	1	0.001	97	0	1	100	0	1	1.09384	0.311411	-2.61941	2.63786	94.5087	20.9553	96.804	60	
2	2	0.25	1	0.001	97.5	0	1	100	0	1	1.09289	0.306163	-2.60597	2.62389	95.0507	20.8477	97.3101	59	
2	2	0.25	1	0.001	98	0	1	100	0	1	1.09212	0.301161	-2.59255	2.60998	95.5907	20.7404	97.8149	59	
2	2	0.25	1	0.001	98.5	0	1	100	0	1	1.09155	0.296579	-2.57906	2.59605	96.1274	20.6325	98.3167	59	
2	2	0.25	1	0.001	99	0	1	100	0	1	1.09067	0.292019	-2.56574	2.5823	96.6639	20.5259	98.8191	58	
2	2	0.25	1	0.001	99.5	0	1	100	0	1	1.08929	0.287149	-2.5528	2.5689	97.2028	20.4224	99.325	58	
2	2	0.25	1	0.001	100	0	1	100	0	1	1.08807	0.282679	-2.53979	2.55548	97.7386	20.3184	99.8282	58	
2	2	0.25	1	0.001	100.5	0	1	100	0	1	1.08704	0.278605	-2.52671	2.54203	98.2712	20.2137	100.329	58	
